782.678
270.576
447.465
501.138
714.567
851.169
439.039
430.569
320.647
107.046
166.443
536.753
305.541
705.807
946.462
162.141
640.822
878.918
36.133
803.555
63.265
179.444
729.559
783.184
714.965
102.487
65.157
958.034
780.317
589.903
901.377
974.007
301.378
445.674
200.623
359.874
10.994
478.887
28.801
613.401
529.057
183.595
377.457
38.571
921.776
531.261
823.638
537.042
5.107
220.422
167.777
832.811
244.337
884.507
471.367
117.007
303.922
343.375
824.807
146.262
659.494
194.388
213.333
126.517
901.664
728.184
48.975
882.592
926.584
332.608
362.637
879.586
887.162
881.389
899.755
554.158
121.443
914.528
60.897
472.925
110.417
183.362
934.607
302.947
457.869
989.769
772.533
107.941
822.479
986.936
877.524
629.009
340.947
175.778
765.165
933.667
315.575
830.063
902.696
990.727
537.052
274.232
639.179
626.655
589.874
736.914
964.306
122.963
644.332
982.387
346.459
11.887
653.437
810.387
512.115
913.196
408.401
696.259
77.749
429.067
704.375
359.912
402.811
982.473
852.307
599.809
900.035
261.724
149.517
662.191
850.481
737.073
675.731
244.019
89.839
71.589
181.098
118.102
855.246
588.481
927.557
642.073
735.201
119.042
463.523
48.031
707.268
283.369
566.876
541.573
368.667
700.483
374.452
658.489
884.074
841.936
201.784
982.018
145.414
696.506
199.745
816.613
942.322
472.107
31.282
505.516
395.367
0.143
699.298
185.086
850.863
8.715
814.598
460.981
254.677
82.303
540.917
998.548
620.119
920.955
553.549
726.836
521.842
851.947
241.888
303.575
53.544
738.003
497.361
874.474
885.507
181.427
463.175
837.835
980.095
861.871
65.724
304.558
235.234
992.745
768.376
890.015
422.381
168.197
334.664
210.429
893.916
638.598
290.111
460.677
813.336
539.787
841.164
357.732
299.582
462.042
138.733
835.157
594.969
534.404
636.272
616.571
916.494
882.014
843.495
283.192
315.962
757.421
752.777
942.326
969.818
126.942
633.865
15.937
690.572
191.577
552.362
73.477
975.134
826.748
948.715
759.573
989.503
730.267
778.455
599.594
973.476
73.917
203.756
345.703
604.121
467.377
564.857
249.885
884.576
277.108
552.596
572.271
658.585
915.829
136.515
262.477
455.417
156.427
144.437
254.737
140.167
258.777
487.676
516.827
908.122
566.867
211.471
865.754
176.241
981.157
933.954
746.559
580.838
487.551
211.611
452.641
807.123
786.555
108.696
597.092
606.839
476.479
207.306
625.405
887.152
572.759
710.335
552.289
992.026
166.584
678.723
324.144
592.088
421.668
106.267
826.734
327.547
966.331
49.682
803.127
419.138
52.933
760.116
204.778
813.918
28.683
347.312
809.893
536.581
997.534
373.058
504.946
274.924
765.108
621.455
291.216
873.211
866.607
616.234
857.983
404.034
706.695
17.447
123.796
433.486
522.416
380.079
309.092
613.023
352.317
725.914
346.062
982.493
702.694
577.755
389.699
541.938
794.162
426.017
158.472
465.531
705.853
713.667
251.337
541.519
374.002
293.229
563.237
310.327
114.167
664.406
713.958
253.598
398.577
160.838
930.373
105.607
213.245
418.261
153.433
792.009
30.867
4.021
5.545
57.877
760.645
880.795
537.404
965.941
873.971
558.133
916.145
99.204
62.654
277.778
116.354
489.657
477.567
587.855
585.583
551.543
937.923
173.142
286.198
186.928
21.887
91.457
631.783
849.418
77.874
668.397
961.106
825.514
772.586
554.476
304.382
980.498
558.132
961.325
430.014
406.444
549.761
259.724
306.152
24.592
811.847
115.567
117.526
484.824
417.517
615.597
447.692
454.655
244.874
629.051
929.701
413.341
75.913
482.194
0.422
709.167
854.469
188.053
937.464
276.611
24.853
555.027
341.468
953.386
707.249
854.979
35.154
723.913
469.977
8.247
24.997
917.841
938.867
861.837
908.986
909.888
153.441
805.024
768.125
235.299
56.887
167.588
159.975
317.148
818.031
349.686
5.488
793.577
760.167
986.636
748.129
361.771
850.573
486.627
645.122
279.386
231.996
606.618
59.478
372.046
801.485
243.552
449.293
309.443
920.947
988.007
844.795
782.834
939.807
171.696
67.433
327.857
192.633
873.894
38.597
202.333
778.597
653.001
164.367
795.015
917.167
437.561
39.317
385.004
593.548
124.745
315.481
100.968
51.012
856.331
416.265
83.867
357.884
814.305
381.673
107.246
579.019
624.475
206.294
257.313
229.582
282.022
930.079
254.165
801.165
903.956
972.832
170.063
752.465
837.648
933.043
766.408
880.371
760.741
622.224
554.819
270.379
725.943
455.957
647.843
811.862
745.742
607.067
190.639
704.232
869.574
335.762
877.281
531.151
953.251
593.522
6.006
804.489
912.534
955.427
500.042
746.911
426.077
929.322
129.001
267.125
324.892
135.669
155.931
266.602
575.372
321.475
183.984
688.929
409.746
893.756
992.396
76.887
144.639
17.423
573.582
238.439
195.849
360.215
882.394
247.497
170.879
480.695
486.792
131.682
404.439
497.798
399.629
846.357
382.624
61.829
938.433
527.276
946.397
433.065
99.587
485.376
523.057
487.639
272.116
293.361
735.873
189.465
312.934
860.624
197.907
126.645
248.406
249.185
999.313
401.815
878.697
706.884
21.737
935.752
91.745
947.099
713.478
195.587
27.534
956.194
72.186
753.043
684.206
836.067
324.131
830.383
971.521
571.238
961.188
173.801
471.067
735.737
476.757
935.692
664.737
518.778
192.776
631.648
582.667
950.402
133.457
207.631
669.822
654.924
901.566
503.959
178.923
65.325
155.107
289.402
98.804
913.151
551.913
70.458
87.485
492.852
195.693
223.791
192.249
117.658
726.747
976.207
433.131
174.139
585.377
344.774
258.935
988.764
746.383
484.861
145.891
492.322
771.951
766.244
419.007
463.697
531.435
255.578
986.987
416.036
844.988
729.387
876.695
325.243
860.268
636.304
46.314
167.527
684.813
986.229
294.577
312.501
970.284
538.931
542.066
297.459
358.405
125.553
249.184
381.807
313.646
846.189
192.609
949.091
526.944
288.031
718.945
592.965
201.868
997.601
432.623
306.995
834.793
71.417
88.263
214.691
60.044
911.542
309.995
751.387
517.268
592.223
247.417
75.047
60.311
722.703
26.919
76.611
794.664
649.199
26.162
926.611
15.451
949.038
778.087
282.933
12.529
724.513
419.549
653.038
587.397
649.536
790.776
913.616
943.317
162.538
847.761
512.367
101.716
893.923
286.277
684.649
182.077
281.768
37.394
294.557
557.961
437.666
458.673
242.417
148.904
404.113
19.878
264.587
787.145
880.412
506.914
284.895
853.628
826.769
213.395
69.081
131.387
783.272
257.704
995.091
282.909
615.384
587.859
403.769
507.087
230.114
981.361
760.407
37.968
763.267
508.254
170.456
261.976
140.299
629.701
489.971
680.883
739.881
9.792
96.611
847.354
275.067
914.479
492.136
140.157
742.903
979.077
347.073
1.147
326.991
396.838
837.076
481.212
71.637
998.663
526.657
873.267
741.877
72.711
405.205
365.271
955.538
458.101
654.042
323.997
994.359
816.034
409.679
599.766
900.294
942.745
181.448
487.105
923.694
481.119
81.791
326.463
154.585
882.339
941.296
613.415
433.151
467.455
420.943
598.214
254.572
974.559
20.123
196.916
366.318
114.685
436.249
362.981
768.876
994.429
991.724
434.177
695.891
422.442
144.721
203.833
345.432
258.702
685.592
179.257
295.266
279.197
741.391
576.184
952.647
235.019
723.388
730.126
510.531
636.166
819.592
738.617
810.735
568.867
425.316
18.908
510.196
876.974
295.033
91.229
925.189
146.987
369.893
77.099
962.306
10.328
775.187
215.501
362.808
724.315
884.787
8.255
973.317
252.904
515.853
552.277
451.743
111.814
52.963
124.452
420.333
71.215
819.828
359.513
940.545
956.277
437.697
389.164
818.293
815.852
757.647
359.041
817.185
738.435
661.305
858.009
685.519
708.437
428.691
311.661
967.574
774.287
217.027
420.189
6.341
130.991
631.019
652.469
144.075
724.847
449.789
817.218
836.355
919.592
771.298
273.377
818.074
403.164
510.859
651.903
355.857
678.244
121.592
557.399
406.629
512.837
273.049
899.361
749.142
6.344
117.661
849.322
91.794
360.557
687.224
293.169
172.325
972.166
293.775
689.971
992.176
556.055
867.531
883.597
769.219
166.956
661.988
346.367
799.837
245.668
311.907
51.171
205.065
238.603
869.178
437.628
161.659
521.916
96.069
307.676
509.755
930.852
303.051
786.569
62.776
309.294
623.305
328.008
157.203
343.416
468.715
19.517
260.756
247.388
569.056
830.125
254.667
380.377
420.293
891.942
422.658
875.577
28.417
156.675
475.646
168.598
807.477
