100 0.000073
200 0.000160
300 0.000262
400 0.000367
500 0.000530
600 0.000650
700 0.000771
800 0.000921
900 0.001065
1000 0.001335
1100 0.001566
1200 0.001657
1300 0.001712
1400 0.002109
1500 0.002264
1600 0.002466
1700 0.002746
1800 0.003135
1900 0.002875
2000 0.003695
2100 0.003792
2200 0.004214
2300 0.004900
2400 0.004966
2500 0.004786
2600 0.005108
2700 0.005137
2800 0.006082
2900 0.006691
3000 0.006755
3100 0.007651
3200 0.008449
3300 0.008470
3400 0.008211
3500 0.008510
3600 0.009735
3700 0.009283
3800 0.011622
3900 0.011704
4000 0.010751
