 0 1 2 3 4 5 6 7 8 9 10 
 1 11 12 13 14 15 16 17 18 19 20 
 2 11 12 13 14 15 16 17 18 19 20 
 3 11 12 13 14 15 16 17 18 19 20 
 4 11 12 13 14 15 16 17 18 19 20 
 5 11 12 13 14 15 16 17 18 19 20 
 6 11 12 13 14 15 16 17 18 19 20 
 7 11 12 13 14 15 16 17 18 19 20 
 8 11 12 13 14 15 16 17 18 19 20 
 9 11 12 13 14 15 16 17 18 19 20 
 10 11 12 13 14 15 16 17 18 19 20 
 11 21 22 23 24 25 26 27 28 29 30 
 12 21 22 23 24 25 26 27 28 29 30 
 13 21 22 23 24 25 26 27 28 29 30 
 14 21 22 23 24 25 26 27 28 29 30 
 15 21 22 23 24 25 26 27 28 29 30 
 16 21 22 23 24 25 26 27 28 29 30 
 17 21 22 23 24 25 26 27 28 29 30 
 18 21 22 23 24 25 26 27 28 29 30 
 19 21 22 23 24 25 26 27 28 29 30 
 20 21 22 23 24 25 26 27 28 29 30 
 21 31 32 33 34 35 36 37 38 39 40 
 22 31 32 33 34 35 36 37 38 39 40 
 23 31 32 33 34 35 36 37 38 39 40 
 24 31 32 33 34 35 36 37 38 39 40 
 25 31 32 33 34 35 36 37 38 39 40 
 26 31 32 33 34 35 36 37 38 39 40 
 27 31 32 33 34 35 36 37 38 39 40 
 28 31 32 33 34 35 36 37 38 39 40 
 29 31 32 33 34 35 36 37 38 39 40 
 30 31 32 33 34 35 36 37 38 39 40 
 31 41 42 43 44 45 46 47 48 49 50 
 32 41 42 43 44 45 46 47 48 49 50 
 33 41 42 43 44 45 46 47 48 49 50 
 34 41 42 43 44 45 46 47 48 49 50 
 35 41 42 43 44 45 46 47 48 49 50 
 36 41 42 43 44 45 46 47 48 49 50 
 37 41 42 43 44 45 46 47 48 49 50 
 38 41 42 43 44 45 46 47 48 49 50 
 39 41 42 43 44 45 46 47 48 49 50 
 40 41 42 43 44 45 46 47 48 49 50 
 41 51 
 42 51 
 43 51 
 44 51 
 45 51 
 46 51 
 47 51 
 48 51 
 49 51 
 50 51 
 51 
