100 0.000082
200 0.000314
300 0.000685
400 0.001167
500 0.001767
600 0.002657
700 0.003445
800 0.004283
900 0.006003
1000 0.006987
1100 0.008005
1200 0.010542
1300 0.012762
1400 0.013982
1500 0.015783
1600 0.017287
1700 0.019557
1800 0.021314
1900 0.025066
2000 0.027665
2100 0.030258
2200 0.032261
2300 0.035278
2400 0.039083
2500 0.042255
2600 0.046067
2700 0.049119
2800 0.052750
2900 0.058157
3000 0.060906
3100 0.065512
3200 0.069052
3300 0.073020
3400 0.077975
3500 0.083702
3600 0.088382
3700 0.094415
3800 0.100093
3900 0.102721
4000 0.106645
